spawns:
  default:
    world: 1f88ad13-2583-41cb-9c7b-dc082c28fd38
    world-name: spawn
    x: -66.33549432602442
    y: -51.5
    z: -68.53557167856582
    yaw: 155.380859375
    pitch: 74.9613037109375
