spawn:
  world: spawn
  x: -66.38481149153597
  y: -52.0
  z: -68.67616533958464
  yaw: 177.34265
  pitch: 64.10127
